180620012000001
180620015000002
180620018000003
180620011000004
180620014000005
180620017000006
180620010000007
180620013000008
180620016000009
180620010000100
180620013000101
180620016000102
180620019000103
180620012000104
180620015000105
180620018000106
180620011000107
180620014000108
180620017000109
180620011000200
180620014000201
180620017000202
180620010000203
180620013000204
180620016000205
180620019000206
180620012000207
180620015000208
180620018000209
180620012000300
180620015000301
180620018000302
180620011000303
180620014000304
180620017000305
180620010000306
180620013000307
180620016000308
180620019000309
180620013000400
180620016000401
180620019000402
180620012000403
180620015000404
180620018000405
180620011000406
180620014000407
180620017000408
180620010000409
180620014000500
